
Pooled OLS for Different Authenticity Performances in Brazil
============================================================================================================================
                                                                  Dependent variable:                                       
                           -------------------------------------------------------------------------------------------------
                           truth_telling lie_accusations consistency finger_pointing origins  common_sense anti_pc territory
                                (1)            (2)           (3)           (4)         (5)        (6)        (7)      (8)   
----------------------------------------------------------------------------------------------------------------------------
speakerBolsonaro               0.028          0.002        -0.017        -0.008      -0.183**    -0.004     0.004    0.006  
                              (0.040)        (0.017)       (0.026)       (0.013)     (0.076)    (0.020)    (0.008)  (0.004) 
                                                                                                                            
speakerCardoso                -0.019         -0.005        -0.029        -0.011      -0.127*     -0.028    0.0004   -0.0001 
                              (0.037)        (0.016)       (0.024)       (0.012)     (0.070)    (0.019)    (0.007)  (0.003) 
                                                                                                                            
speakerCollor                  0.002          0.013         0.004        -0.021      -0.163**    0.005     0.015**  -0.001  
                              (0.039)        (0.017)       (0.025)       (0.013)     (0.075)    (0.020)    (0.008)  (0.004) 
                                                                                                                            
speakerHaddad                 -0.006         -0.003        -0.008         0.006      -0.169**    -0.023     0.005    0.006  
                              (0.044)        (0.019)       (0.028)       (0.014)     (0.083)    (0.022)    (0.008)  (0.004) 
                                                                                                                            
speakerItamar                 -0.048         -0.004        -0.026         0.002      -0.205**    -0.032     0.011   -0.006  
                              (0.052)        (0.023)       (0.033)       (0.017)     (0.100)    (0.026)    (0.010)  (0.005) 
                                                                                                                            
speakerLula                    0.004          0.002        -0.009        -0.015      -0.145**    -0.019     0.005    0.001  
                              (0.035)        (0.015)       (0.022)       (0.011)     (0.066)    (0.018)    (0.007)  (0.003) 
                                                                                                                            
speakerNeves                   0.055          0.008         0.017         0.016       -0.055     -0.014     0.005    0.003  
                              (0.044)        (0.019)       (0.028)       (0.014)     (0.083)    (0.022)    (0.008)  (0.004) 
                                                                                                                            
speakerRousseff                0.006         0.0002         0.006        -0.002       -0.059     0.006      0.002    0.003  
                              (0.036)        (0.016)       (0.023)       (0.012)     (0.069)    (0.018)    (0.007)  (0.003) 
                                                                                                                            
speakerSarney                 -0.052         -0.002         0.003        -0.010      -0.163*     -0.034    0.015*   0.007*  
                              (0.045)        (0.020)       (0.029)       (0.014)     (0.086)    (0.023)    (0.009)  (0.004) 
                                                                                                                            
speakerSerra                   0.012         0.037**       -0.026        -0.010       -0.047     -0.032     0.002   0.007*  
                              (0.041)        (0.018)       (0.026)       (0.013)     (0.078)    (0.021)    (0.008)  (0.004) 
                                                                                                                            
speakerTemer                  -0.024         -0.001        -0.015        -0.014       -0.147     -0.008    0.0002   -0.003  
                              (0.052)        (0.023)       (0.033)       (0.017)     (0.100)    (0.026)    (0.010)  (0.005) 
                                                                                                                            
settingdebates                -0.037         -0.015         0.008         0.007       0.022      -0.003     0.001    0.001  
                              (0.024)        (0.010)       (0.015)       (0.008)     (0.046)    (0.012)    (0.005)  (0.002) 
                                                                                                                            
settinginterviews            -0.069***      -0.022***     -0.050***      -0.004       0.029      -0.004    0.007*   -0.001  
                              (0.019)        (0.008)       (0.012)       (0.006)     (0.036)    (0.009)    (0.004)  (0.002) 
                                                                                                                            
settingspeeches              -0.059***      -0.028***     -0.034**       -0.010       0.042      0.016      0.004  0.009*** 
                              (0.022)        (0.009)       (0.014)       (0.007)     (0.041)    (0.011)    (0.004)  (0.002) 
                                                                                                                            
Constant                     0.127***        0.032**      0.080***       0.029**     0.243***   0.046**    -0.004   0.0001  
                              (0.035)        (0.015)       (0.023)       (0.011)     (0.067)    (0.018)    (0.007)  (0.003) 
                                                                                                                            
----------------------------------------------------------------------------------------------------------------------------
Observations                    121            121           121           121         121        121        121      121   
R2                             0.224          0.224         0.296         0.218       0.153      0.196      0.158    0.410  
Adjusted R2                    0.121          0.122         0.203         0.115       0.042      0.090      0.047    0.332  
F Statistic (df = 14; 106)    2.182**        2.191**      3.177***       2.109**      1.372     1.848**     1.425  5.267*** 
============================================================================================================================
Note:                                                                                            *p<0.1; **p<0.05; ***p<0.01
