
Pooled OLS for Different Authenticity Performances in the US
==============================================================================================================================
                                                                   Dependent variable:                                        
                           ---------------------------------------------------------------------------------------------------
                           truth_telling lie_accusations consistency finger_pointing  origins  common_sense anti_pc  territory
                                (1)            (2)           (3)           (4)          (5)        (6)        (7)       (8)   
------------------------------------------------------------------------------------------------------------------------------
speakerBiden                   0.007         0.057**        0.026       -0.033***      0.056      0.016      0.013     0.011  
                              (0.058)        (0.023)       (0.034)       (0.008)      (0.100)    (0.017)    (0.029)   (0.026) 
                                                                                                                              
speakerBush                   -0.009          0.035         0.014       -0.039***     -0.018      0.010      0.013     0.003  
                              (0.058)        (0.023)       (0.034)       (0.008)      (0.100)    (0.017)    (0.029)   (0.026) 
                                                                                                                              
speakerCarter                 -0.051          0.032       0.190***      -0.038***     -0.086      -0.002     0.003    -0.003  
                              (0.064)        (0.025)       (0.037)       (0.009)      (0.111)    (0.019)    (0.032)   (0.029) 
                                                                                                                              
speakerClinton                -0.015         0.048**        0.019       -0.036***      0.023      0.014      0.012     0.018  
                              (0.057)        (0.022)       (0.033)       (0.008)      (0.099)    (0.017)    (0.028)   (0.025) 
                                                                                                                              
speakerDole                   -0.003         0.042*         0.013       -0.037***      0.005      0.006      0.019     0.006  
                              (0.062)        (0.024)       (0.036)       (0.009)      (0.107)    (0.019)    (0.031)   (0.028) 
                                                                                                                              
speakerDukakis                -0.048         0.051*        -0.004       -0.027***     0.220*      -0.002     0.024     0.021  
                              (0.068)        (0.026)       (0.040)       (0.010)      (0.117)    (0.020)    (0.034)   (0.030) 
                                                                                                                              
speakerGore                    0.024          0.029         0.045       -0.035***      0.034      0.029      0.005    0.00005 
                              (0.061)        (0.024)       (0.036)       (0.009)      (0.106)    (0.018)    (0.030)   (0.027) 
                                                                                                                              
speakerH_Clinton               0.008         0.042*         0.012       -0.035***      0.009      0.011      0.024     0.033  
                              (0.059)        (0.023)       (0.035)       (0.008)      (0.102)    (0.018)    (0.029)   (0.026) 
                                                                                                                              
speakerKerry                   0.042          0.029        -0.001       -0.033***      0.003      0.031      0.004     0.014  
                              (0.064)        (0.025)       (0.037)       (0.009)      (0.111)    (0.019)    (0.032)   (0.029) 
                                                                                                                              
speakerMcCain                  0.040         0.039*         0.037       -0.034***     -0.050      0.018      0.011     0.013  
                              (0.060)        (0.023)       (0.035)       (0.008)      (0.103)    (0.018)    (0.030)   (0.027) 
                                                                                                                              
speakerMondale                -0.058          0.026         0.006        -0.016*      0.202*      0.023      0.056*    0.037  
                              (0.062)        (0.024)       (0.036)       (0.009)      (0.108)    (0.019)    (0.031)   (0.028) 
                                                                                                                              
speakerObama                   0.015         0.044**        0.022       -0.036***     -0.001      0.012      0.011     0.013  
                              (0.057)        (0.022)       (0.033)       (0.008)      (0.099)    (0.017)    (0.028)   (0.025) 
                                                                                                                              
speakerPerot                   0.039          0.033         0.011       -0.038***      0.061      0.000      0.011    -0.000  
                              (0.078)        (0.030)       (0.045)       (0.011)      (0.134)    (0.023)    (0.039)   (0.035) 
                                                                                                                              
speakerReagan                  0.031          0.037         0.025       -0.035***     -0.038      0.009      0.015     0.012  
                              (0.057)        (0.022)       (0.034)       (0.008)      (0.099)    (0.017)    (0.028)   (0.026) 
                                                                                                                              
speakerRomney                 -0.003          0.030         0.019       -0.037***      0.033      0.004      0.033     0.003  
                              (0.059)        (0.023)       (0.035)       (0.008)      (0.103)    (0.018)    (0.029)   (0.026) 
                                                                                                                              
speakerSanders                 0.050         0.046*        -0.002       -0.036***      0.022      0.017      0.006     0.010  
                              (0.062)        (0.024)       (0.036)       (0.009)      (0.106)    (0.018)    (0.031)   (0.027) 
                                                                                                                              
speakerTrump                   0.012         0.043*         0.007       -0.033***     -0.0002     0.006     0.066**    0.006  
                              (0.058)        (0.022)       (0.034)       (0.008)      (0.099)    (0.017)    (0.029)   (0.026) 
                                                                                                                              
speakerW_Bush                 -0.012         0.037*         0.031       -0.038***      0.015      0.010      0.021     0.011  
                              (0.057)        (0.022)       (0.034)       (0.008)      (0.099)    (0.017)    (0.028)   (0.026) 
                                                                                                                              
settingdebates               -0.031**       0.035***      -0.019**       0.0002      -0.083***    -0.003     0.004    -0.004  
                              (0.014)        (0.005)       (0.008)       (0.002)      (0.023)    (0.004)    (0.007)   (0.006) 
                                                                                                                              
settinginterviews            -0.023**        0.007*       -0.025***      0.003**     -0.082***   -0.005*    0.015***  -0.002  
                              (0.010)        (0.004)       (0.006)       (0.001)      (0.018)    (0.003)    (0.005)   (0.005) 
                                                                                                                              
settingspeeches               -0.010         -0.003        -0.004         0.002      -0.043**     -0.002     0.001     0.005  
                              (0.011)        (0.004)       (0.006)       (0.001)      (0.018)    (0.003)    (0.005)   (0.005) 
                                                                                                                              
Constant                       0.069         -0.035         0.019       0.038***       0.122      0.003      -0.004    0.004  
                              (0.057)        (0.022)       (0.033)       (0.008)      (0.098)    (0.017)    (0.028)   (0.025) 
                                                                                                                              
------------------------------------------------------------------------------------------------------------------------------
Observations                    217            217           217           217          217        217        217       217   
R2                             0.175          0.271         0.398         0.232        0.295      0.137      0.312     0.106  
Adjusted R2                    0.086          0.193         0.333         0.149        0.219      0.044      0.238     0.010  
F Statistic (df = 21; 195)   1.969***       3.456***      6.138***      2.801***     3.879***     1.479*    4.206***   1.102  
==============================================================================================================================
Note:                                                                                              *p<0.1; **p<0.05; ***p<0.01
